0000000000
0010000000
0010060001
0010110001
0010110002
0010110003
0010110067
0010180000
0010180001
0010190004
0010190022
0010190023
0010190037
0010190038
0010190069
0010190309
0010190343
0010200033
0010200034
0010230001
0010230149
0010230150
0010230151
0010230152
0010230153
0010230154
0010230155
0010230156
0010230157
0010230158
0010230159
0010230160
0010230161
0010230162
0010230163
0010230164
0010230165
0010230166
0010230167
0010230168
0010230169
0010230170
0010230171
0010230172
0010230173
0010230174
0010230175
0010230176
0010230177
0010260001
0010260003
0010260004
0010260005
0010260012
0010260013
0010260014
0010260103
0010260104
0010260105
0010270000
0010270002
0010270028
0010270031
0010340024
0010360000
0010360004
0010360008
0010360279
0010360427
0010360428
0010400000
0010400002
0010400003
0010400004
0010400005
0010400006
0010400008
0010400009
0010410012
0010410013
0010410014
0010410015
0010410017
0010410018
0010420000
0010420001
0010420013
0010440000
0010440046
0010440050
0010440051
0010440096
0010440304
0010440349
0010440351
0010440356
0010440358
0010440361
0010440365
0010450000
0010450002
0010450004
0010450005
0010460000
0010460002
0010460003
0010460007
0010460059
0010460275
0010480000
0010490000
0010490018
0010490029
0010490030
0010490034
0010490045
0010490046
0010490048
0010490049
0010490055
0010490059
0010490235
0010490670
0010490824
0010500001
0010500002
0010500003
0010500005
0010500006
0010500007
0010500008
0010500014
0010500018
0010500020
0010500023
0010500024
0010500025
0010500026
0010500029
0010500030
0010500077
0010500081
0010500085
0010500086
0010500087
0010500088
0010500097
0010500113
0010500408
0010510000
0010510008
0010510024
0010510025
0010510028
0010510053
0010510054
0010510055
0010520006
0010520009
0010520019
0010520022
0010520024
0010520025
0010520026
0010530000
0010530006
0010530009
0010530012
0010530017
0010530018
0010530020
0010530025
0010530026
0010530030
0010530033
0010530036
0010530048
0010530049
0010530228
0010530229
0010530278
0010530363
0010550004
0010550006
0010550007
0010550161
0010560001
0010570000
0010570009
0010570018
0010570024
0010570239
0010580000
0010580001
0010580008
0010580033
0010580047
0010580049
0010580093
0010610008
0010610009
0010610010
0010610011
0010610012
0010620009
0010620011
0010630005
0010630030
0010630052
0010640000
0010640003
0010640012
0010640402
0010640403
0010650001
0010650002
0010650003
0010650004
0010650005
0010650006
0010650007
0010650008
0010650009
0010650010
0010670000
0010670021
0010670022
0010670023
0010670027
0010670028
0010670029
0010670030
0010670043
0010670045
0010670046
0010670243
0010670245
0010670246
0010680000
0010690005
0010710000
0010720000
0010720093
0010720098
0010720099
0010720139
0010730000
0010730002
0010730005
0010730006
0010740002
0010740019
0010740020
0010740021
0010740025
0010750000
0010750010
0010750021
0010750022
0010750023
0010750028
0010750029
0010750051
0010750135
0010750136
0010750505
0010750523
0010750524
0010750656
0010770000
0010770003
0010770009
0010780000
0010790000
0010800000
0010800002
0010800009
0010800010
0010800012
0010800014
0010800016
0010800019
0010800181
0010800182
0010800183
0010800201
0010800202
0010800203
0010800204
0010800205
0010800206
0010800207
0010810000
0010810003
0010810004
0010810005
0010810012
0010810014
0010810019
0010810021
0010810022
0010810023
0010810024
0010810025
0010820001
0010820004
0010820007
0010820014
0010820015
0010830000
0010830002
0010830004
0010830007
0010830011
0010830016
0010830018
0010830020
0010830021
0010830031
0010840000
0010840003
0010840006
0010840008
0010840016
0010840021
0010840022
0010840023
0010850001
0010850003
0010853786
0010860003
0010860004
0010860009
0010860015
0010870000
0010870001
0010870002
0010870003
0020000000
0020110015
0020110016
0020110017
0020110018
0020110019
0020110020
0020110021
0020110022
0020110023
0020110024
0020110025
0020110026
0020110027
0020110028
0020110029
0020110030
0020110031
0020110032
0020110033
0020110034
0020110035
0020110036
0020110037
0020110038
0020110039
0020110040
0020110041
0020110042
0020110043
0020110044
0020110045
0020110046
0020110047
0020110048
0020110049
0020120001
0020120002
0020120003
0020120004
0020120005
0020120006
0020120007
0020120008
0020120009
0020120010
0020120011
0020120012
0020120013
0020120014
0020120015
0020120016
0020120017
0020120018
0020120019
0020120020
0020120021
0020120022
0020120023
0020120024
0020120025
0020120026
0020130001
0020130002
0020130003
0020130004
0020130005
0020130006
0020130007
0020130008
0020130009
0020130010
0020130011
0020130012
0020130013
0020130014
0020130015
0020130016
0020130017
0020130018
0020130019
0020130020
0020130021
0020130022
0020130023
0020140005
0020140006
0020140007
0020140008
0020140009
0020140010
0020140011
0020140012
0020140013
0020140014
0020140015
0020140016
0020140017
0020140018
0020140019
0020140020
0020140021
0020140022
0020150005
0020150006
0020150007
0020150008
0020150009
0020150010
0020150011
0020150012
0020150013
0020150014
0020150015
0020150016
0020150017
0020150018
0020150019
0020150020
0020150021
0020150022
0020160000
0020160002
0020160003
0020160004
0020160005
0020160006
0020160007
0020160008
0020160009
0020160010
0020160011
0020160012
0020160013
0020160014
0020160015
0020160016
0020160019
0020170080
0020220094
0020310001
0020320026
0020400001
0020470043
0020480027
0020480028
0020480029
0020480030
0020480031
0020480042
0020480043
0020480044
0020480045
0020480046
0020480047
0020480048
0020480049
0020520001
0020570025
0020570026
0020570027
0020570028
0020570029
0020570030
0020570031
0020590000
0020590045
0020590047
0020590048
0020590049
0020590051
0020590052
0020590054
0020590055
0020590057
0020590365
0020600000
0020600002
0020600003
0020600004
0020610002
0020610004
0020610006
0020620001
0020630001
0020660001
0020660002
0020660004
0020660017
0020660018
0020660019
0020660037
0020670002
0020680002
0020680005
0020680006
0020680007
0020680008
0020680011
0020680013
0020700000
0020700699
0020720006
0020730001
0020730002
0020730003
0020730004
0020740000
0020740006
0020740007
0020740019
0020760076
0020760077
0020780003
0020780004
0020780005
0020780006
0020780007
0020780008
0020780009
0020780010
0020780011
0020780012
0020780013
0020790022
0020790023
0020790024
0020790025
0020790026
0020790027
0020790028
0020790029
0020790030
0020790031
0020790032
0020830001
0020830002
0020830003
0020830004
0020830005
0020830006
0020830007
0020830008
0020830009
0020830010
0020830011
0020830012
0030000000
0030020001
0030020003
0030020004
0030020005
0030020006
0030020007
0030020008
0030020009
0030020010
0030020011
0030020014
0030020015
0030020017
0030020018
0030020019
0030020020
0030020021
0030020022
0030020023
0030020024
0030020025
0030020026
0030030000
0030030001
0030030002
0030030045
0030030048
0030030049
0030040000
0030050001
0030060000
0030060001
0030060002
0030060019
0030060020
0030060028
0030060029
0030090001
0030100055
0030150002
0030150062
0030340001
0030340024
0030450043
0030450044
0030600105
0030610002
0040080129
0040110006
0040113883
0040170001
0040170002
0040170003
0040170004
0040170005
0040170006
0040170007
0040170008
0040170009
0040170010
0040170011
0040170012
0040170013
0040170014
0040170015
0040170016
0040170017
0040170018
0040170019
0040170020
0040240001
0040310001
0040330000
0040330008
0040340000
0040350000
0040380001
0040430001
0040430002
0040430090
0040480027
0040500103
0040530001
0040540000
0050000000
0050010000
0050020000
0050020002
0050020144
0050030003
0050030005
0050030006
0050030007
0050030008
0050030009
0050030011
0050030048
0050040003
0050040006
0050040013
0050040018
0050040019
0050040023
0050040026
0050040080
0050050000
0050050005
0050080001
0050100000
0050100002
0050100003
0050100005
0050100006
0050110000
0050110011
0050110012
0050110013
0050110022
0050110384
0050120000
0050120001
0050120003
0050120004
0050120006
0050120011
0050120016
0050120019
0050120092
0050130004
0050130005
0050130007
0050130119
0050140000
0050140001
0050140003
0050140005
0050140006
0050140030
0050150000
0050150007
0050150008
0050150010
0050160000
0050160034
0050170039
0050170048
0050190000
0050190014
0050190017
0050191050
0050200000
0050200037
0050200038
0050210000
0050210006
0050210007
0050220000
0050220002
0050220003
0050220004
0050220005
0050220018
0050220021
0050230000
0050230181
0050240000
0050240003
0050240050
0050240667
0050250002
0050250008
0050250403
0050260001
0050280000
0050280004
0050280017
0050280018
0050280019
0050280021
0050280023
0050300000
0050300016
0050300018
0050300022
0050300065
0050320001
0050340000
0050340020
0050350000
0050350022
0050350029
0050350030
0050350031
0050350033
0050350034
0050350035
0050350036
0050350037
0050350038
0050350046
0050350047
0050350048
0050350049
0050350050
0050350058
0050350772
0050380002
0050380003
0050380004
0050380005
0050380008
0050380013
0050380285
0050390000
0050390019
0050400043
0050400047
0050430008
0050430009
0050430010
0050430011
0050430012
0050430013
0050430014
0050430021
0050430022
0050430023
0050430024
0050430025
0050430026
0050430032
0050440000
0050440014
0050440116
0050440122
0050460000
0050460001
0050460002
0050460003
0050460056
0050460065
0050460066
0050460067
0050460068
0050460069
0050460070
0050460071
0050460072
0050460073
0050460074
0050460075
0050460076
0050460077
0050460078
0050460079
0050460080
0050460081
0050460082
0050460083
0050460084
0050460085
0050460086
0050460087
0050460088
0050460089
0050460090
0050460093
0050460095
0050460096
0050460097
0050460098
0050460099
0050460103
0050460104
0050460106
0050460107
0050460108
0050460109
0050460110
0050460111
0050460112
0050460132
0050460133
0050460158
0050460159
0050460167
0050480009
0050480010
0050480011
0050480028
0050480029
0050480030
0050510039
0050530030
0050580004
0050610000
0050630046
0050660001
0050660002
0050660003
0050660004
0050660005
0050660006
0050660007
0050660008
0050660009
0050660010
0050660011
0050660012
0050660013
0050660014
0050660015
0050660016
0050660017
0050670017
0050690025
0050690047
0050690048
0050710008
0050710009
0050710010
0050710045
0050710483
0050720001
0050720005
0050720051
0050720052
0050730010
0050730011
0050730019
0050730050
0050760079
0050760080
0050760081
0050760082
0050760099
0050760100
0050760101
0050760102
0050760103
0050760104
0050760105
0050760106
0050760107
0050760108
0050760109
0050760110
0050761684
0050790015
0050820000
0050820013
0050820014
0050820018
0050820355
0050840001
0050840006
0050860059
0050860060
0050860061
0050860062
0050870001
0050870002
0050870003
0050870004
0050870017
0050900020
0050900021
0050920001
0050920019
0050930001
0060000000
0060010002
0060010015
0060020001
0060060000
0060070000
0060070010
0060070015
0060070247
0060070248
0060070250
0060070252
0060070253
0060070254
0060070255
0060070256
0060070257
0060070258
0060070259
0060070260
0060070261
0060070262
0060070263
0060070264
0060070265
0060070266
0060070267
0060070268
0060070269
0060070270
0060070271
0060070273
0060070318
0060070413
0060070986
0060080000
0060080014
0060080032
0060090000
0060090006
0060090007
0060090010
0060090016
0060090018
0060090021
0060090022
0060090082
0060090083
0060090084
0060090085
0060090086
0060090087
0060090088
0060090089
0060090090
0060090091
0060090092
0060090093
0060090094
0060090095
0060090096
0060090097
0060090098
0060090099
0060100000
0060100048
0060100552
0060100553
0060110017
0060110018
0060110042
0060110048
0060121019
0060130028
0060140001
0060150000
0060150001
0060150024
0060150726
0060150727
0060150728
0060150729
0060150730
0060150731
0060150732
0060150733
0060150734
0060150735
0060150736
0060150737
0060160000
0060160005
0060160011
0060160017
0060170000
0060170015
0060170016
0060170039
0060170045
0060170822
0060201095
0060210675
0060230000
0060230016
0060230018
0060230019
0060240000
0060240004
0060250000
0060250015
0060250019
0060250022
0060260001
0060270000
0060270010
0060270021
0060270025
0060270027
0060320000
0060320005
0060360000
0060360463
0060380000
0060380004
0060380016
0060380017
0060380018
0060380020
0060380028
0060380029
0060380030
0060380140
0060390000
0060390011
0060390012
0060390013
0060390014
0060390015
0060390016
0060390017
0060390018
0060390019
0060390020
0060390021
0060390028
0060390029
0060390045
0060400039
0060430000
0060440013
0060440022
0060440025
0060440030
0060440038
0060440039
0060440050
0060440051
0060440053
0060440058
0060440059
0060440060
0060440066
0060440067
0060440068
0060440072
0060440140
0060440141
0060440142
0060450007
0060450016
0060450017
0060450018
0060450019
0060450020
0060450028
0060450031
0060450035
0060450093
0060450285
0060450286
0060470001
0060470065
0060470114
0060470115
0060470116
0060470121
0060470122
0060480010
0060480016
0060480024
0060480025
0060480039
0060480040
0060480041
0060480042
0060480043
0060480049
0060480050
0060480051
0060480052
0060480097
0060490002
0060490003
0060490004
0060490005
0060490006
0060490007
0060490008
0060490009
0060490010
0060490011
0060490012
0060490013
0060490014
0060490015
0060490018
0060490019
0060490020
0060490021
0060490022
0060490023
0060490024
0060490025
0060490026
0060490027
0060490028
0060490030
0060510000
0060510034
0060510035
0060510036
0060510037
0060510038
0060510526
0060510527
0060530000
0060530030
0060530033
0060530039
0060530056
0060530057
0060530058
0060530059
0060530060
0060540031
0060550000
0060550011
0060560000
0060560020
0060560035
0060560036
0060560048
0060560049
0060560052
0060560053
0060560054
0060560055
0060560056
0060560057
0060560058
0060560059
0060560060
0060560061
0060560062
0060560063
0060560064
0060560065
0060560066
0060560067
0060560068
0060560069
0060560070
0060560071
0060560072
0060560073
0060560074
0060560075
0060560076
0060560077
0060560078
0060560079
0060560080
0060560081
0060560082
0060560083
0060560084
0060560086
0060560087
0060560088
0060560089
0060560090
0060560091
0060560092
0060560093
0060570001
0060570002
0060570009
0060570010
0060570011
0060570013
0060570014
0060570015
0060570016
0060570017
0060570018
0060570019
0060570020
0060570021
0060570022
0060570023
0060570024
0060570025
0060570026
0060570027
0060570028
0060570029
0060570030
0060570031
0060570032
0060570033
0060570034
0060570035
0060570036
0060570037
0060570038
0060570039
0060580000
0060590001
0060590003
0060590004
0060590005
0060590006
0060590007
0060590008
0060590009
0060590010
0060590011
0060590012
0060590013
0060590014
0060590015
0060590016
0060600027
0060600028
0060600029
0060600030
0060600031
0060600032
0060600033
0060600034
0060600035
0060600036
0060600037
0060600038
0060600039
0060630000
0060640000
0060640047
0060644368
0060680017
0060680018
0060680288
0060730007
0060730008
0060730009
0060730010
0060730013
0060730014
0060730016
0060730017
0060730020
0060740006
0060740029
0060740099
0060740100
0060740101
0070000000
0070010000
0070020027
0070060000
0070080001
0070080033
0070130000
0070220028
0070310044
0070310214
0070430005
0070430006
0070440003
0070460001
0070500009
0070500010
0070500011
0070510053
0070520000
0070530002
0070540001
0070570371
0070610578
0070620000
0070690000
0070690023
0070700000
0070710000
0070720000
0070750000
0070750029
0070750031
0070750176
0070760510
0070850000
0070860000
0070860015
0070860016
0070870000
0070880001
0070900009
0070910306
0080020004
0080020007
0080020008
0080020009
0080020010
0080020011
0080020012
0080020013
0080020014
0080020015
0080020016
0080020017
0080020018
0080020019
0080020444
0080030001
0080030029
0080030044
0080040028
0080090006
0080120031
0080120032
0080130000
0080140007
0080140008
0080150001
0080150007
0080150009
0080150015
0080160015
0080160023
0080170031
0080180067
0080190001
0080190002
0080210842
0080210843
0080210844
0080220001
0080230010
0080230011
0080230251
0080240001
0080240017
0080240018
0080240019
0080240021
0080250002
0080250003
0080250004
0080250005
0080250036
0080250037
0080250038
0080250039
0080250040
0080250041
0080250111
0080260001
0080260002
0080340013
0080340014
0080360027
0080360049
0080370003
0080370004
0080370005
0080370006
0080370007
0080370010
0080370011
0080370012
0080370013
0080370014
0080370017
0080370018
0080370019
0080370020
0080370021
0080380024
0080380030
0080380031
0080380032
0080390002
0080390048
0080390049
0080390054
0080450000
0080530000
0080530004
0080570008
0080580012
0080580017
0080590000
0080590002
0080590029
0080590453
0080600001
0080600021
0080610000
0080650000
0080650002
0080650003
0080650004
0080650005
0080650008
0080650009
0080650010
0080650019
0080650020
0080650021
0080650022
0080650023
0080650024
0080650036
0080650037
0080650040
0080660049
0080660050
0080660051
0080660055
0080660060
0080670010
0080670011
0080670012
0080670013
0080670014
0080670016
0080670065
0080670066
0080670067
0080670069
0080670070
0080670071
0080670072
0080670073
0080670074
0080670075
0080670076
0080670077
0080680022
0080680023
0080700037
0080700038
0080700039
0080730000
0080730001
0080730005
0080730006
0080730007
0080730008
0080730009
0080730010
0080730011
0080730012
0080730015
0080730020
0080730036
0080730097
0080730100
0080730101
0080730102
0080730121
0080730123
0080730124
0080740002
0080740003
0080740015
0080750017
0080750018
0080750019
0080750034
0080760019
0080760020
0080760024
0080760094
0080780001
0080780002
0080780003
0080810000
0080810001
0080810002
0080810010
0080810012
0080810013
0080810014
0080810015
0080810016
0080810023
0080810025
0080810026
0080810027
0080810028
0080810181
0080810244
0080810263
0080810264
0080814249
0080820001
0080820004
0080820005
0080820017
0080820018
0080820020
0080820021
0080820022
0080820023
0080820024
0080820025
0080820029
0080820030
0080820031
0080820032
0080820033
0080820034
0080820035
0080820037
0080820038
0080820045
0080820046
0080820047
0080820048
0080820049
0080820050
0080820051
0080820052
0080820054
0080830000
0080830001
0080830003
0080830004
0080830028
0080830097
0080830100
0080880000
0080880001
0080880005
0080880006
0080880008
0080880009
0080880013
0080880014
0080880015
0080880016
0080880018
0080880215
0080880218
0080880219
0080880226
0080880230
0080880231
0080880267
0080890000
0080890004
0080890008
0080890009
0080890010
0080890011
0080890012
0080890014
0080890015
0080890016
0080890017
0080890019
0080890027
0080890028
0080890029
0080890030
0080890031
0080890159
0080890170
0080890171
0080890172
0080890174
0080890175
0080890176
0080890177
0080890178
0080890179
0080890277
0080890278
0080890279
0080900006
0080900007
0080900008
0080900011
0080900017
0080900027
0080900028
0080900029
0080900030
0080900031
0080900032
0080900041
0080900043
0080930000
0080930051
0080930052
0080930053
0080930054
0080930059
0080930060
0080930061
0080930062
0080930063
0080930073
0080930074
0080930075
0080930076
0080930077
0080930120
0080930253
0080930337
0080940000
0080940009
0080940010
0080940013
0080940017
0080940018
0080940019
0080940038
0080940039
0080940040
0080940041
0080940044
0080940045
0080940046
0080940122
0080940123
0080940467
0090000000
0090010000
0090040000
0090040001
0090040002
0090040006
0090040008
0090040009
0090040011
0090040012
0090040013
0090040014
0090040015
0090040016
0090040017
0090040018
0090040019
0090040020
0090040021
0090040022
0090040023
0090040024
0090040037
0090040039
0090040040
0090040041
0090050000
0090050001
0090050006
0090050007
0090050012
0090050023
0090050027
0090050029
0090050030
0090050031
0090050033
0090050034
0090050081
0090050082
0090050083
0090050084
0090050085
0090050086
0090050103
0090060012
0090060013
0090060014
0090060015
0090060016
0090060017
0090070006
0090070007
0090070014
0090070015
0090070016
0090070017
0090070018
0090070019
0090070020
0090070026
0090070027
0090070031
0090070032
0090070078
0090070080
0090070133
0090070134
0090080017
0090080019
0090080023
0090080029
0090080050
0090080051
0090080067
0090080078
0090080110
0090080332
0090080348
0090110002
0090110003
0090110004
0090110005
0090110006
0090110007
0090110008
0090110021
0090110023
0090110026
0090110027
0090110028
0090110037
0090110040
0090110041
0090120010
0090120018
0090120019
0090120020
0090120021
0090120022
0090120023
0090120024
0090120026
0090120027
0090120028
0090120036
0090120053
0090140003
0090140076
0090140096
0090150031
0090150032
0090160017
0090160031
0090160032
0090161113
0090170000
0090170007
0090170008
0090170009
0090170010
0090170011
0090170012
0090170014
0090170029
0090170030
0090170040
0090170041
0090170042
0090170043
0090170044
0090170045
0090170046
0090170052
0090170053
0090170054
0090170055
0090170056
0090170057
0090170058
0090170059
0090170060
0090170061
0090170120
0090170121
0090170122
0090170123
0090170124
0090170137
0090170176
0090170177
0090170178
0090170179
0090170180
0090170238
0090170243
0090170244
0090170802
0090170803
0090180016
0090180017
0090180018
0090180019
0090180020
0090180021
0090180022
0090180023
0090180024
0090180025
0090180026
0090180027
0090180069
0090180070
0090180071
0090180072
0090180073
0090180074
0090180075
0090180076
0090180077
0090180078
0090180079
0090180080
0090180081
0090180084
0090180085
0090180086
0090180087
0090180088
0090180118
0090180136
0090190000
0090190001
0090190002
0090190005
0090190006
0090190020
0090190021
0090190022
0090190023
0090190024
0090190033
0090190034
0090190035
0090190036
0090190037
0090190039
0090190041
0090190042
0090190043
0090190044
0090190045
0090190046
0090190047
0090190048
0090190049
0090190050
0090190052
0090190053
0090190054
0090190055
0090190056
0090190058
0090190059
0090190060
0090190061
0090190066
0090190067
0090190068
0090190069
0090190070
0090190071
0090190072
0090190073
0090190074
0090190075
0090190076
0090190077
0090190078
0090190079
0090190080
0090190081
0090190082
0090190083
0090190084
0090190087
0090190088
0090190089
0090190090
0090190091
0090190092
0090190094
0090190095
0090200001
0090200002
0090200003
0090200004
0090200005
0090200007
0090200008
0090200009
0090200010
0090200011
0090200012
0090200015
0090200016
0090200021
0090200023
0090200024
0090200025
0090200026
0090200027
0090200028
0090200029
0090200030
0090200031
0090200032
0090200033
0090200034
0090200035
0090200038
0090210001
0090210015
0090210017
0090210023
0090210024
0090210026
0090210027
0090210030
0090210033
0090210034
0090210035
0090210036
0090210037
0090210038
0090210039
0090210040
0090210043
0090210044
0090210045
0090210046
0090210047
0090210048
0090210055
0090210056
0090210058
0090210059
0090210063
0090210083
0090211482
0090220001
0090220002
0090220003
0090220020
0090220021
0090220024
0090220062
0090220066
0090220072
0090220145
0090220148
0090220155
0090220159
0090220160
0090230011
0090230012
0090230017
0090230020
0090230022
0090230033
0090230035
0090230099
0090240028
0090240046
0090240047
0090250026
0090250027
0090250033
0090250034
0090250035
0090250036
0090250058
0090250404
0090260000
0090320000
0090320149
0090320446
0090320447
0090370009
0090380001
0090380002
0090380003
0090380004
0090380005
0090380006
0090380007
0090380009
0090380010
0090380013
0090380014
0090380017
0090380020
0090380026
0090380027
0090380029
0090380031
0090380034
0090380040
0090380048
0090380049
0090380050
0090380051
0090380059
0090380060
0090380061
0090380062
0090380063
0090380064
0090380066
0090380074
0090380075
0090380076
0090380077
0090380078
0090380079
0090380080
0090380081
0090380082
0090380083
0090380087
0090380088
0090380139
0090390000
0090390063
0090390069
0090390083
0090390084
0090390140
0090400001
0090400002
0090410000
0090410026
0090410027
0090410031
0090410032
0090410033
0090410034
0090410035
0090410036
0090410039
0090410041
0090410044
0090410045
0090410056
0090410057
0090410058
0090410059
0090410060
0090410061
0090410062
0090410063
0090420000
0090420001
0090420022
0090420023
0090420024
0090420025
0090420027
0090440002
0090440004
0090440016
0090440017
0090440018
0090440019
0090440045
0090440046
0090440308
0090480000
0090490026
0090510021
0090510028
0090510991
0090511589
0090511590
0090520019
0090520022
0090530000
0090530003
0090530021
0090530022
0090530024
0090530025
0090530026
0090530027
0090530031
0090530287
0090540012
0090540013
0090540014
0090540015
0090540016
0090540017
0090540018
0090540019
0090550005
0090550006
0090570001
0090570005
0090570006
0090570045
0090570046
0090570048
0090570300
0090640000
0090650000
0090660007
0090660667
0090670000
0090690012
0090690013
0090690014
0090700000
0090700001
0090710000
0090710464
0090800039
0090940001
0090940004
0090940005
0090940006
0090940008
0090940009
0090940013
0090940014
0090940028
0090940029
0090940030
0090940031
0090940034
0090940035
0090940036
0090940037
0090940038
0090940039
0090940040
0090940041
0090940042
0090940043
0090940044
0090940045
0090940046
0090940047
0090940048
0090940049
0090940051
0090940052
0090940053
0090940056
0090940057
0090940062
0090940154
0090940155
0090950001
0090950020
0090960003
0090970000
0090970145
0090970146
0090970147
0090970148
0090990001
0100000000
0100020000
0100030000
0100030026
0100040000
0100040062
0100070060
0100070714
0100090006
0100120014
0100130015
0100130024
0100130192
0100140131
0100140323
0100140438
0100150002
0100160000
0100220001
0100220002
0100220003
0100260016
0100260017
0100300061
0100300062
0100300063
0100300064
0100300065
0100300066
0100300067
0100300069
0100300070
0100300071
0100300072
0100300073
0100300074
0100300076
0100300080
0100300081
0100300082
0100300083
0100300084
0100300226
0100300227
0100300228
0100300229
0100300230
0100300231
0100370000
0100370015
0100500033
0100500050
0100670000
0100680000
0100690001
0100690011
0100691220
0100800019
0100900001
0100990000
0110000000
0110020075
0110050045
0110070004
0110080010
0110120000
0110230013
0110240009
0110250031
0110250032
0110360035
0110620010
0110640016
0110770004
0110890001
0110890028
0110890029
0110890030
0110890031
0110890032
0110890033
0110890034
0110890035
0110890036
0110890060
0110920275
0110920276
0110970001
0110980008
0110980009
0110980010
0110980014
0110980024
0110980025
0110990000
0111000000
0111000014
0111010000
0111010018
0111080001
0111090018
0111140000
0111140003
0111140004
0111140005
0111140006
0111140007
0111140008
0111140009
0111140010
0111140011
0111140012
0111140013
0111140014
0111140015
0111140018
0111140023
0111140024
0111140025
0111140026
0111140136
0111140137
0111140138
0111140150
0111220020
0111230000
0111230118
0111230119
0111230120
0111230121
0111230122
0111230123
0111230124
0111230125
0111230126
0111230127
0111230128
0111230129
0111230130
0111230131
0111230132
0111230133
0111230134
0111230135
0111230136
0111230137
0111230138
0111230139
0111230140
0111230141
0111230142
0111230143
0111230144
0111230145
0111230146
0111230147
0111230148
0111230149
0111240072
0111290011
0111330016
0111430027
0111440038
0111440039
0121230007
0121260007
0130030001
0130040035
0130040036
0130050001
0130050002
0130050003
0130090000
0130090082
0130090136
0130130215
0130140038
0130140039
0130140082
0130290000
0130360001
0130360011
0130360012
0130360013
0130360014
0130360015
0130360016
0130360017
0130360018
0130360019
0130360020
0130360021
0130360022
0130360023
0130360024
0130360025
0130360026
0130360027
0130360028
0130360029
0130360030
0130360031
0130360032
0130360033
0130360048
0130360049
0130370021
0130530121
0130530123
0130590009
0130740001
0140230001
0140800020
0150080053
0150100001
0150100002
0150100005
0150100006
0150100007
0150100008
0150100009
0150100010
0150100011
0150100012
0150100013
0150100014
0150100015
0150100016
0150100017
0150100018
0150100019
0150100020
0150100021
0150100022
0150100023
0150100024
0150100025
0150100026
0150100027
0150100028
0150100029
0150110001
0150110002
0150110004
0150110005
0150110006
0150110007
0150110008
0150110011
0150110015
0150110016
0150110017
0150110018
0150110019
0150110020
0150110021
0150110022
0150110023
0150110024
0150110029
0150110030
0150110031
0150110032
0150110033
0150110034
0150110035
0150110036
0150110037
0150110057
0150110058
0150120000
0150120001
0150120002
0150120003
0150120004
0150120005
0150120006
0150120007
0150120008
0150120009
0150120010
0150120011
0150120012
0150120015
0150120016
0150120017
0150120018
0150120021
0150120022
0150120023
0150120024
0150120025
0150120032
0150120033
0150120034
0150120035
0150120036
0150120037
0150120044
0150120045
0150130001
0150130002
0150130003
0150130004
0150130005
0150130006
0150130007
0150130008
0150130015
0150130016
0150130017
0150130018
0150130019
0150130020
0150130021
0150130022
0150130023
0150130024
0150130025
0150130026
0150130027
0150130031
0150130032
0150130035
0150130036
0150130037
0150130038
0150140034
0150140035
0150140036
0150140039
0150140040
0150140465
0150140466
0150150000
0150180000
0150180191
0150190000
0150200000
0150200013
0150210000
0150210015
0150210058
0150270000
0150270004
0150280000
0150290001
0150320000
0150320008
0150320015
0150330000
0150330029
0150330030
0150330031
0150330032
0150330033
0150330034
0150330035
0150330036
0150330037
0150330038
0150330039
0150330040
0150330048
0150330049
0150330050
0150330051
0150330052
0150340000
0150340037
0150340038
0150340039
0150340041
0150340042
0150340045
0150340046
0150340047
0150340048
0150340049
0150340050
0150340053
0150340054
0150340152
0150420000
0150490019
0150490020
0150490021
0150490022
0150560174
0150890022
0151320078
0160090006
0160090009
0160090026
0160090028
0160310028
0160330018
0170000000
0170660034
0170660035
0170660087
0170760043
0171020034
0171130001
0180000000
0180010008
0180050019
0180230037
0180270001
0180310000
0180440020
0180500267
0180500268
0180500269
0180500271
0180630001
0180630003
0180640014
0180640015
0180640016
0180640017
0180640018
0180640019
0180640020
0180640021
0180640022
0180640023
0180640024
0180640025
0180640026
0180640027
0180640028
0180640029
0180640030
0180640031
0180640032
0180640033
0180640034
0180640045
0180640047
0180640049
0180640050
0180640051
0180640052
0180800001
0180810005
0180810006
0190700029
0190730001
0200000000
0200170004
0200170279
0200170280
0200170309
0200170310
0200170311
0200280023
0200280024
0200280025
0200280026
0200280027
0200290001
0200350045
0200350046
0200350047
0200350048
0200350049
0200350050
0200360016
0200370017
0200410000
0200420006
0200430032
0200430033
0200430034
0200430035
0200430036
0200500013
0200500015
0200500019
0200500020
0200500021
0200500053
0200500059
0200500060
0200510021
0200510022
0200510023
0200510044
0200510045
0200510194
0200520000
0200520006
0200520007
0200520011
0200520012
0200530001
0200550034
0200620043
0200620046
0200620048
0200620049
0200620054
0200630011
0200630012
0200630019
0200630022
0200640012
0200640041
0200660049
0200670033
0200680021
0200690007
0200730000
0200790028
0200800008
0200810180
0200910009
0200940000
0200940007
0200950000
0200950021
0200950036
0200950527
0200950528
0200950529
0200950530
0200950531
0200950532
0200950533
0200950534
0200951381
0210040072
0210080001
0210100027
0210120069
0210120120
0210140004
0210140009
0210140010
0210140011
0210140012
0210140013
0210140014
0210140039
0210210044
0210280001
0210280059
0210280062
0210350023
0210350032
0210390051
0210400074
0210440006
0210440031
0210440032
0210440033
0210440042
0210440052
0210530000
0210540013
0210640001
0210740017
0210740019
0210820000
0210910037
0210910038
0211150001
0211170002
0220060000
0220060134
0220100023
0220130083
0220210031
0220260022
0220650022
0220650023
0220650024
0220650025
0230100011
0230120297
0230170037
0230390034
0230470000
0230470015
0230470016
0230470017
0230470018
0230470019
0230480099
0230490001
0230490002
0230490003
0230490004
0230490005
0230490006
0230490007
0230490008
0230490009
0230490010
0230490011
0230490012
0230490013
0230740001
0230920001
0230930006
0240180001
0250370018
0250380072
0250410018
0250440031
0250550002
0250550043
0250550044
0250610053
0250800000
0250800075
0260150107
0260150108
0260150109
0260150110
0260150112
0260150113
0260150114
0260150191
0260150192
0260150193
0260150194
0260150195
0260150196
0260150197
0260150198
0260150199
0260150200
0260150201
0260150202
0260150203
0260150204
0260150205
0260150206
0260150207
0260150208
0260150209
0260150210
0260150211
0260180001
0260250002
0260250065
0260250066
0260250067
0260250068
0260250069
0260250070
0260250071
0260250072
0260250073
0260280281
0260350000
0260380044
0260430030
0260470035
0260470036
0260470090
0260470091
0260470092
0260470093
0260470094
0270190039
0270220004
0270220036
0270220037
0270290009
0270840016
0270850000
0270850001
0270850002
0270890012
0280150007
0280220101
0280220286
0280230029
0280370000
0280460000
0280460049
0280460057
0280460058
0280460059
0280460060
0280460061
0280460062
0280460063
0280460064
0280460065
0280460066
0280460067
0280460068
0280460069
0280460070
0280460074
0280460075
0280460112
0280460129
0280460130
0280460134
0280460320
0300720001
0310340080
0310620000
0311020000
0311080000
0320210000
0320210195
0320210197
0320210199
0320210201
0320210203
0320210205
0320210208
0320210210
0320210212
0320210214
0320210216
0320210217
0320210218
0320210219
0320210220
0320210221
0320210222
0320210223
0320210224
0320210225
0320210226
0320430101
0320430102
0330010000
0330010133
0330020001
0330030021
0330050000
0330050002
0330050018
0330050022
0330050023
0330050024
0330050025
0330050026
0330050027
0330050028
0330050029
0330050030
0330050031
0330050032
0330050033
0330050034
0330050035
0330050037
0330050040
0330050041
0330050042
0330050045
0330050046
0330050049
0330050050
0330050051
0330050052
0330050053
0330050054
0330050055
0330070001
0330070002
0330070003
0330070004
0330070005
0330070009
0330070010
0330070011
0330070012
0330070013
0330070014
0330070015
0330070016
0330070019
0330070022
0330080000
0330080002
0330080017
0330080018
0330080019
0330080020
0330080021
0330080022
0330080023
0330080024
0330080025
0330080026
0330080027
0330080028
0330080029
0330080030
0330080031
0330080032
0330080033
0330080077
0330080092
0330100010
0330130124
0330130125
0330130126
0330130127
0330140010
0330140011
0330140012
0330140013
0330140031
0330140035
0330140095
0330141006
0330141014
0330150000
0330150050
0330150052
0330150053
0330150079
0330150080
0330151462
0330160000
0330160028
0330160032
0330160033
0330160034
0330170000
0330170009
0330170013
0330170014
0330170015
0330170020
0330190001
0330190002
0330190003
0330190004
0330190005
0330190011
0330190012
0330190013
0330190014
0330190015
0330190016
0330190017
0330190018
0330190019
0330190020
0330190021
0330190022
0330190023
0330190024
0330190025
0330190026
0330190027
0330190028
0330190029
0330190030
0330190031
0330190032
0330200001
0330200002
0330200003
0330200004
0330200005
0330200006
0330200007
0330200008
0330200009
0330200010
0330200011
0330200012
0330210001
0330210012
0330210039
0330210040
0330210041
0330210042
0330210043
0330210044
0330210045
0330210047
0330210048
0330210049
0330210050
0330210051
0330210052
0330210053
0330210054
0330210055
0330210056
0330210057
0330210058
0330210059
0330210060
0330210061
0330210062
0330210063
0330210064
0330210065
0330210066
0330210067
0330210068
0330210069
0330210070
0330210071
0330210072
0330210073
0330210074
0330210075
0330210076
0330210077
0330210078
0330210079
0330210080
0330210081
0330210083
0330210084
0330210415
0330210417
0330220002
0330220030
0330220031
0330220032
0330220035
0330220039
0330220040
0330220041
0330220042
0330220044
0330220051
0330220052
0330220053
0330220054
0330220055
0330220135
0330220698
0330220737
0330230000
0330230450
0330240000
0330320054
0330320055
0330320056
0330320057
0330320059
0330330001
0330330015
0330330024
0330330029
0330350000
0330350013
0330350032
0330350048
0330360106
0330370111
0330370113
0330370114
0330390000
0330390033
0330390036
0330390038
0330390039
0330390041
0330390042
0330390125
0330390128
0330390353
0330390480
0330400005
0330400006
0330400033
0330400039
0330400040
0330400199
0330410024
0330410025
0330410026
0330410027
0330420025
0330420026
0330420079
0330420080
0330440031
0330440049
0330440050
0330440051
0330440052
0330440053
0330440054
0330450022
0330450041
0330450045
0330460001
0330460002
0330460053
0330460108
0330460112
0330460113
0330460114
0330460115
0330460116
0330460117
0330460118
0330460119
0330460120
0330460121
0330460122
0330460123
0330460124
0330460126
0330460127
0330460129
0330460130
0330460131
0330460132
0330460133
0330460134
0330460144
0330460171
0330460172
0330460173
0330460316
0330460969
0330460971
0330460973
0330470065
0330490001
0340000000
0340020024
0340460085
0340680002
0350440005
0350570171
0350640003
0350640004
0350640005
0350640006
0350640007
0350640008
0350640009
0350640010
0350640011
0350640012
0350640013
0360000000
0360020008
0360090001
0360100000
0360450175
0360550002
0360550003
0360780000
0360790001
0360790004
0360790007
0361380154
0361440000
0361440002
0361440003
0370060036
0370150129
0370260000
0370260016
0370260018
0370260019
0370260020
0370260021
0370260022
0370260023
0370260024
0370260025
0370260026
0370260027
0370260028
0370260029
0370260030
0370260031
0370260032
0370260033
0370260034
0370260035
0370260036
0370260037
0370260038
0370260039
0370340000
0370340001
0370340002
0370340003
0370340004
0370340005
0370340006
0370340007
0370340008
0370340009
0370340011
0370340013
0370340016
0370340017
0370340018
0370340019
0370340020
0370340021
0370340022
0370340023
0370340024
0370340025
0370340026
0370340027
0370340028
0370340029
0370340034
0370340035
0370340036
0370340037
0370340038
0370340039
0370340040
0370340041
0370340042
0370340043
0370340044
0370340045
0370340046
0370340047
0370340048
0370340049
0370340050
0370340051
0370340052
0370340053
0370340054
0370340055
0370340056
0370340057
0370340058
0370340059
0370340060
0370340061
0370340062
0370340063
0370340064
0370340065
0370340068
0370340071
0370340073
0370340074
0370340079
0370350000
0370350001
0370350002
0370350003
0370350004
0370350005
0370350006
0370350007
0370350008
0370350009
0370350010
0370350011
0370350012
0370350013
0370350014
0370350015
0370350016
0370350017
0370350018
0370350019
0370350020
0370350021
0370350022
0370350023
0370350024
0370350025
0370350026
0370350027
0370350028
0370350029
0370350030
0370350031
0370350032
0370350033
0370350034
0370360000
0370360001
0370360002
0370360061
0370360062
0370360063
0370360064
0370360065
0370360066
0370360067
0370360072
0370360073
0370360074
0370360075
0370360076
0370360077
0370360078
0370360079
0370360080
0370360082
0370360083
0370360084
0370360085
0370360086
0370360087
0370360088
0370360089
0370360090
0370360091
0370360092
0370360096
0370360097
0370360098
0370360099
0370360100
0370360104
0370360105
0370360110
0370360111
0370360112
0370360113
0370360114
0370360115
0370360142
0370360143
0370360144
0370360145
0370360647
0370400000
0370480028
0370640013
0370640014
0370640015
0370780018
0370830441
0370990029
0371000188
0380020016
0380020023
0380030006
0380030007
0380030008
0380030009
0380030010
0380030012
0380030013
0380030061
0380050022
0380050038
0380060091
0380120092
0380690000
0380700038
0380700039
0380700040
0380920000
0380920001
0380950021
0380950022
0380980000
0380980147
0381030000
0381040000
0381050000
0381160001
0390730019
0400000000
0400370006
0400370008
0400370013
0400470000
0400500007
0400510004
0400510007
0400560001
0400700147
0400740039
0400740093
0400770013
0400770014
0400770015
0400770016
0400840051
0400850011
0400850012
0400850013
0400880053
0400900012
0400900013
0400900218
0400910062
0400960031
0401040002
0401060026
0401150013
0401150019
0401160001
0401250058
0401290000
0401290001
0401290064
0401290070
0401990202
0401990203
0401990204
0401990205
0401990206
0401990207
0401990208
0401990209
0401990210
0410040001
0410420010
0412720001
0412720002
0412720003
0412720004
0412720005
0412720006
0412720007
0412720008
0412720009
0412720010
0412720011
0412720012
0412720013
0412720014
0412720015
0412720016
0412720017
0412720018
0412720019
0412720020
0412720021
0412720022
0412720023
0412720024
0412720025
0412720026
0412720027
0412720028
0412720029
0412720030
0412720031
0412720032
0412720033
0412720034
0412720035
0412720036
0412720038
0412730007
0412730008
0412730009
0412730010
0412730011
0412730012
0412730014
0412730015
0412730016
0412730017
0412730018
0412730019
0412730025
0412730026
0412730027
0412730028
0412730029
0412730030
0420080149
0420120155
0420240088
0420250018
0420250019
0420250020
0420250021
0420250022
0420250023
0420250024
0420250025
0420250026
0420250027
0420250028
0420250029
0420250030
0420260007
0420290021
0420470012
0420530001
0420530003
0420770011
0420770021
0420770269
0421670000
0421680000
0421680001
0421690000
0421700000
0421710000
0421720001
0421740000
0421750000
0421760000
0422090001
0430470002
0431790030
0450440064
0462320001
0500080025
0500084586
0501130007
0501140004
0501140006
0501140007
0501140008
0501140009
0501140011
0501140015
0501140016
0501140017
0501150001
0501150002
0501150003
0501150004
0501150005
0501150006
0501150007
0501150008
0501150009
0501150010
0501150011
0501150012
0501150013
0501150014
0501150015
0501150019
0501150020
0501150021
0501150022
0501150023
0501150024
0501150025
0501150026
0501150027
0501150029
0502150020
0502150021
0502150022
0502150023
0502150024
0502150025
0502150026
0502160000
0513190002
0530330085
0542090001
0542090002
0542090003
0542090004
0542090005
0542600501
0542600601
0551460090
0560480106
0602620011
0610000000
0610070001
0610140034
0610240013
0610520001
0610520004
0610530001
0610550001
0610730198
0610750003
0610750004
0610750005
0610750029
0610750030
0610750031
0610750032
0610750033
0610750034
0610750035
0610750036
0610750037
0610750038
0610750075
0610750076
0610750077
0610750078
0610880063
0610880111
0610910001
0611270016
0611410096
0611420008
0611430000
0611430052
0611430053
0611490014
0611490054
0611500016
0611560015
0620000000
0621290001
0621620023
0641400063
0641920000
0642070000
0674560032
0674730002
0684790257
0690000000
0690160016
0691630002
0692070001
0700240107
0700400005
0701500031
0702420013
0704000002
0721060034
0721080115
0721080125
0721400040
0721400041
0721400043
0721400044
0721400045
0721400046
0721400047
0721400048
0721400049
0721400050
0721400051
0721400052
0721400053
0721400054
0721400055
0721400056
0721400057
0721400106
0721400107
0721400108
0730320002
0730390070
0730400021
0731570080
0732850001
0732850002
0763010006
0770030001
0780050000
0782490000
0784310000
0785190101
0785190102
0811790001
0811800039
0812100001
0821650001
0821700000
0822220000
0824020116
0825170000
0825170012
0825170014
0830250015
0830460001
0840030017
0840460019
0842380001
0842590001
0860910003
0861280041
0862860017
0870000000
0870640020
0872210001
0872480001
0872510001
0872530001
0873060028
0873400001
0873740004
0873790187
0873790188
0874800008
0880000000
0880190001
0880480001
0880900007
0880930069
0882590001
0882590197
0882590198
0882590199
0882590200
0882590201
0893200001
0895620001
0900130015
0904790108
0904810003
0915830001
0950000000
0950270003
0950890001
0980470002
0980710082
0990020198
0990260019
0990280082
0990280083
0990280084
0990460092
1000370023
1010190001
1014700039
1041190008
1041190009
1041250009
1041250017
1041250021
1041250023
1041250025
1041270003
1041270006
1041270020
1041270026
1041280003
1041280004
1041330001
1041360049
1041360050
1041360051
1070620037
1090630002
1091940108
1112480113
1113540001
1113540002
1113540003
1113540004
1113540005
1113540006
1113540007
1113540008
1113540009
1113540010
1113540011
1113540012
1113540013
1113540014
1113540015
1113540016
1113540017
1113540018
1113540019
1113540020
1113540021
1113540022
1113540023
1113540024
1113540025
1113540026
1113540027
1113540028
1113540029
1113540030
1113540031
1113540032
1113540033
1113540034
1113540035
1113540036
1113540037
1113540038
1113540039
1113540040
1113540041
1113540042
1113540043
1113540044
1113540046
1113540047
1113540054
1113540055
1113540056
1113540057
1113540058
1113540059
1113540060
1113540062
1113540063
1113540064
1113540065
1113540066
1113540067
1113540068
1113900012
1127050001
1128490001
1140130001
1140560001
1140800005
1140800015
1142400020
1161780001
1185410001
1230010000
1230010010
1231280001
1231330027
1231480004
1231640062
1231940002
1231940014
1231990002
1250200047
1273120001
1282110020
1310000000
1330310001
1551910001
1551930016
1580000000
1620350000
1672260004
1672260527
1723120963
1870000000
1870070001
1870070030
1960180006
1960180007
1960180008
1960180009
1960180010
1960180011
1960180012
1960180013
1960180014
1960180015
1960180016
1960180017
1960180018
1960180019
1960180020
1960180021
1960180022
1960180023
1960180024
1960180025
1960180026
1960180027
1960180028
1960180042
1960180043
1960180044
1960180045
1960180046
1960180047
1960180048
1960180049
1960180050
1960180051
1960180052
1960180053
1960180054
1960180055
1960180056
1960180057
1960180058
1960180059
1960180060
1960180061
1960180074
1960180075
1960180076
1960180077
1960180078
1960180079
1960180080
1960180081
1960180082
1960180083
1960180084
1960180085
1960180086
1960180087
1960180088
1960180089
1960180090
1960180091
1960180092
1960180093
1960180094
1960180095
1960180096
1960180097
1960180098
1960180099
1960180100
1960180101
1960180102
1960180103
1960180104
1960180105
1960180106
1960180107
1960180108
1960180109
1960180110
1960180111
1960180112
1960180113
1960180114
1960180115
1960180116
1960180117
1960180118
1960180119
1960180120
1960180121
1960180122
1960180123
1960180125
1960180289
1960180399
1960180400
1960180401
1960180402
1960180403
1960180404
1960180405
1960180406
1960180407
1960180408
1960180435
1960180436
1960180437
1960180438
1960180439
1960180440
1960180441
1960180442
1960180519
1960180520
1960180521
1960180522
1960180523
1960180524
1960180525
1960180526
1960180527
1960180528
1960180529
1960180530
1960180531
1960180532
1960180533
1960180534
1960180535
1960180536
1960180537
1960180538
1960180539
1960180540
1960180541
1960180542
1960180543
1960180544
1960180545
1960180546
1960180631
1960220001
1960220002
1960220003
1960220004
1960220005
1960220006
1960220007
1960220008
1960220009
1960220010
1960220011
1960220012
1960220013
1960220014
1960220015
1960220016
1960230001
1960230002
1960230003
1960230004
1960230005
1960230006
1960230007
1960230008
1960230009
1960230010
1960230011
1960230012
1960230013
1960230014
1960230015
1960230016
1960240001
1960240002
1960240003
1960240004
1960240005
1960240006
1960240007
1960240008
1960240009
1960240010
1960240011
1960240012
1960240013
1960240014
1960240015
1960240016
1960250001
1960250002
1960250003
1960250004
1960250005
1960250006
1960250007
1960250008
1960260001
1960260004
1960260005
1960260006
1960260007
1960260008
1960260009
1960260010
1960260011
1960260012
1960270001
1960270002
1960270003
1960270004
1960270005
1960270006
1960270007
1960270008
1960270009
1960270010
1960270011
1960270012
1960270013
1960270014
1960270015
1960270016
1960280001
1960290001
1960290002
1960290003
1960290004
1960290005
1960290006
1960290007
1960290008
1960300001
1960310001
1960310002
1960310003
1960310004
1960310005
1960310006
1960310007
1960310008
1960310009
1960310011
1960310014
1960310019
1960320001
1960330001
1960330002
1960330003
1960330004
1960330005
1960330006
1960330007
1960330008
1960340001
1960350001
1960360001
1960360002
1960360003
1960360004
1960360005
1960360006
1960360007
1960360008
1970330070
1970330113
1970340026
2000050001
2000060024
2000170003
2000280018
2000560004
2000580001
2010000000
2020000000
2030000000
2059990000
2070000000
2079980000
2110000000
2209990000
2229880000
2301160000
2371260001
2519990000
2690000000
2699970000
2749980000
2769920000
2779780000
2790000000
2820060000
2829990000
2859870000
2869990000
2879920000
2879980000
2919980000
2979990000
2989990000
2990130028
2990140000
2990140177
2991430001
3000090033
3000320012
3000750001
3000750004
3000750007
3040090001
3040090002
3040560001
3041250009
3060280040
3060600013
