coluna SQL idx=0 nome=100800297.0
101101181.0
101103395.0
101700091.0
101904959.0
102007276.0
102307040.0
102307962.0
102307989.0
102307997.0
102308004.0
103501568.0
103502467.0
103502653.0
103502661.0
103503935.0
103504168.0
103509488.0
103509496.0
103509674.0
103601491.0
104400161.0
104405627.0
104406895.0
104706074.0
104706740.0
104706767.0
104706872.0
104708662.0
104711310.0
104711450.0
105305707.0
105804241.0
106100157.0
106100165.0
108000656.0
108000664.0
108000915.0
200101171.0
200800116.0
202700331.0